global m q G W0 options

m = 3.3435832E-27;
q = 1.60217646E-19;
G = -0.142987167;

W0 = 270.005183; % magical kinetic energy for the deuteron